1;1;0;0;0;0;0;0*1~
2;1;0;0;0;0;0;0*777~
3;1;0;0;0;0;0;0*20.12.2016~
4;1;0;20;12;2016;0;0*Test~
5;1;4;20;12;2016;20;30*Tesr~
6;1;4;20;12;2016;20;30*Test~
7;1;3;20;12;2016;20;30*Test~
8;1;1;20;12;2016;20;30*Test~
9;1;2;20;12;2016;20;30*Test~
10;1;1;20;12;2016;20;30*Tes~
11;1;1;20;12;2016;20;30*Test~
12;1;1;20;20;2016;20;30*Test~
13;1;1;20;12;2016;20;30*Test~
14;1;1;20;12;2016;20;30*T~
15;1;0;0;0;0;0;0*1~
16;1;0;0;0;0;0;0*20 fff~
17;1;0;0;0;0;0;0*20.12.2016~
18;1;0;0;0;0;0;0*20.12.2016.~
19;1;0;0;0;0;0;0*20.12.2016....~
20;1;0;0;0;0;0;0*20.12.201~
21;1;0;20;12;2016;0;0*repeat~
22;1;0;20;12;2016;20;30*Ts7~
23;1;0;20;12;2016;20;30*repeat~
24;1;0;20;12;2016;20;30*repeat daily~
25;1;1;20;12;2016;20;30*T~
26;1;0;20;12;2016;20;30*repeat~
27;1;0;20;12;2016;20;30*repea~
28;1;0;0;0;0;0;0*20.12.2016~
29;1;0;0;0;0;0;0*20.12.2016~
30;1;0;20;12;2016;0;0*2~
31;1;0;20;12;2016;0;0*2:~
32;1;0;20;12;2016;0;0*2:30~
33;1;0;20;12;2016;0;0*20:30~
34;1;0;20;12;2016;20;30*1~
35;1;0;0;0;0;20;30*1~
36;1;0;12;12;2016;20;30*1~
37;1;0;0;0;0;20;30*12.12.~
